,id,label,template,placeholders,num_objects,verb_class_name,noun_class_name,start_frame,stop_frame
413,211215,lifting pencil up completely without letting it drop down,Lifting [something] up completely without letting it drop down,['pencil'],1,Picking [something] up,pencil,1,31
2521,151442,moving color pencils up,Moving [something] up,['color pencils'],1,Picking [something] up,pencil,1,37
5748,202942,lifting pencil up completely without letting it drop down,Lifting [something] up completely without letting it drop down,['pencil'],1,Picking [something] up,pencil,1,29
5431,52436,lifting pencil up completely without letting it drop down,Lifting [something] up completely without letting it drop down,['pencil'],1,Picking [something] up,pencil,1,31
7189,205848,moving color pencils up,Moving [something] up,['color pencils'],1,Picking [something] up,pencil,1,40
9888,168216,moving color pencils up,Moving [something] up,['color pencils'],1,Picking [something] up,pencil,1,29
3184,157222,lifting pencil up completely without letting it drop down,Lifting [something] up completely without letting it drop down,['pencil'],1,Picking [something] up,pencil,1,26
12459,161081,lifting pencil up completely without letting it drop down,Lifting [something] up completely without letting it drop down,['pencil'],1,Picking [something] up,pencil,1,47
678,38788,lifting pencil up completely without letting it drop down,Lifting [something] up completely without letting it drop down,['pencil'],1,Picking [something] up,pencil,1,28
5990,41573,lifting pencil up completely without letting it drop down,Lifting [something] up completely without letting it drop down,['pencil'],1,Picking [something] up,pencil,1,28
10394,117253,moving color pencils up,Moving [something] up,['color pencils'],1,Picking [something] up,pencil,1,23
11666,31901,lifting pencil up completely without letting it drop down,Lifting [something] up completely without letting it drop down,['pencil'],1,Picking [something] up,pencil,1,26
3839,199381,taking a pencil out of a jar,Taking [something] out of [something],"['a pencil', 'a jar']",2,Picking [something] up,pencil,1,51
10317,96000,moving color pencils up,Moving [something] up,['color pencils'],1,Picking [something] up,pencil,1,37
9876,145586,lifting pencil up completely without letting it drop down,Lifting [something] up completely without letting it drop down,['pencil'],1,Picking [something] up,pencil,1,29
5254,57077,moving pencil up,Moving [something] up,['pencil'],1,Picking [something] up,pencil,1,43
3684,19912,lifting pencil up completely without letting it drop down,Lifting [something] up completely without letting it drop down,['pencil'],1,Picking [something] up,pencil,1,30
11204,66521,moving color pencils up,Moving [something] up,['color pencils'],1,Picking [something] up,pencil,1,38
9489,139576,taking a pencil from behind a book,Taking [something] from [somewhere],"['a pencil', 'behind a book']",2,Picking [something] up,pencil,1,27
1980,14816,lifting pencil up completely without letting it drop down,Lifting [something] up completely without letting it drop down,['pencil'],1,Picking [something] up,pencil,1,26
6100,150358,moving color pencils up,Moving [something] up,['color pencils'],1,Picking [something] up,pencil,1,27
4596,132200,moving color pencils up,Moving [something] up,['color pencils'],1,Picking [something] up,pencil,1,27
189,199434,moving color pencils up,Moving [something] up,['color pencils'],1,Picking [something] up,pencil,1,30
7454,117260,taking a pencil,Taking [one of many similar things on the table],['a pencil'],1,Picking [something] up,pencil,1,32
8893,171328,lifting pencil up completely without letting it drop down,Lifting [something] up completely without letting it drop down,['pencil'],1,Picking [something] up,pencil,1,26
7611,76790,lifting pencil up completely without letting it drop down,Lifting [something] up completely without letting it drop down,['pencil'],1,Picking [something] up,pencil,1,31
4031,84861,moving color pencil up,Moving [something] up,['color pencil'],1,Picking [something] up,pencil,1,29
10366,59429,lifting pencil up completely without letting it drop down,Lifting [something] up completely without letting it drop down,['pencil'],1,Picking [something] up,pencil,1,27
7533,52204,moving color pencils up,Moving [something] up,['color pencils'],1,Picking [something] up,pencil,1,25
8225,18434,moving color pencils up,Moving [something] up,['color pencils'],1,Picking [something] up,pencil,1,27
8131,196661,moving color pencils up,Moving [something] up,['color pencils'],1,Picking [something] up,pencil,1,26
2095,101909,moving color pencils up,Moving [something] up,['color pencils'],1,Picking [something] up,pencil,1,38
10758,116158,lifting pencil up completely without letting it drop down,Lifting [something] up completely without letting it drop down,['pencil'],1,Picking [something] up,pencil,1,27
2065,23166,moving color pencils up,Moving [something] up,['color pencils'],1,Picking [something] up,pencil,1,37
512,120517,moving color pencils up,Moving [something] up,['color pencils'],1,Picking [something] up,pencil,1,36
3438,203300,lifting pencil up completely without letting it drop down,Lifting [something] up completely without letting it drop down,['pencil'],1,Picking [something] up,pencil,1,30
1695,37914,taking a pencil out of bag,Taking [something] out of [something],"['a pencil', 'bag']",2,Picking [something] up,pencil,1,42
13032,217878,lifting pencil up completely without letting it drop down,Lifting [something] up completely without letting it drop down,['pencil'],1,Picking [something] up,pencil,1,31
14747,192546,taking a pencil out of pencil holder,Taking [something] out of [something],"['a pencil', 'pencil holder']",2,Picking [something] up,pencil,1,44
2147,51979,taking pencil,Taking [one of many similar things on the table],['pencil'],1,Picking [something] up,pencil,1,50
7059,32572,moving color pencils up,Moving [something] up,['color pencils'],1,Picking [something] up,pencil,1,23
5686,77349,taking pencil out of hand bag,Taking [something] out of [something],"['pencil', 'hand bag']",2,Picking [something] up,pencil,1,63
1432,164750,moving color pencils up,Moving [something] up,['color pencils'],1,Picking [something] up,pencil,1,31
12366,202914,lifting color pencils up completely without letting it drop down,Lifting [something] up completely without letting it drop down,['color pencils'],1,Picking [something] up,pencil,1,42
8199,196088,moving color pencils up,Moving [something] up,['color pencils'],1,Picking [something] up,pencil,1,27
11220,86483,lifting pencil up completely without letting it drop down,Lifting [something] up completely without letting it drop down,['pencil'],1,Picking [something] up,pencil,1,28
5850,80760,moving color pencils up,Moving [something] up,['color pencils'],1,Picking [something] up,pencil,1,27
11124,182079,lifting pencil up completely without letting it drop down,Lifting [something] up completely without letting it drop down,['pencil'],1,Picking [something] up,pencil,1,27
11106,129680,moving color pencils up,Moving [something] up,['color pencils'],1,Picking [something] up,pencil,1,26
5530,101710,lifting pencil up completely without letting it drop down,Lifting [something] up completely without letting it drop down,['pencil'],1,Picking [something] up,pencil,1,29
10256,42219,taking pencil out of wooden box,Taking [something] out of [something],"['pencil', 'wooden box']",2,Picking [something] up,pencil,1,46
8110,132156,moving color pencils up,Moving [something] up,['color pencils'],1,Picking [something] up,pencil,1,29
5882,168339,lifting pencil up completely without letting it drop down,Lifting [something] up completely without letting it drop down,['pencil'],1,Picking [something] up,pencil,1,26
5469,174004,lifting pencil up completely without letting it drop down,Lifting [something] up completely without letting it drop down,['pencil'],1,Picking [something] up,pencil,1,29
1406,195899,moving color pencils up,Moving [something] up,['color pencils'],1,Picking [something] up,pencil,1,26
12486,4767,lifting pencil up completely without letting it drop down,Lifting [something] up completely without letting it drop down,['pencil'],1,Picking [something] up,pencil,1,26
12163,24548,moving color pencils up,Moving [something] up,['color pencils'],1,Picking [something] up,pencil,1,30
4270,215874,taking a pencil out of a cup,Taking [something] out of [something],"['a pencil', 'a cup']",2,Picking [something] up,pencil,1,58
12599,208460,taking pencil out of pencilcase,Taking [something] out of [something],"['pencil', 'pencilcase']",2,Picking [something] up,pencil,1,32
2220,124012,moving color pencils up,Moving [something] up,['color pencils'],1,Picking [something] up,pencil,1,27
5135,134867,taking color pencil,Taking [one of many similar things on the table],['color pencil'],1,Picking [something] up,pencil,1,47
6660,130259,moving color pencils up,Moving [something] up,['color pencils'],1,Picking [something] up,pencil,1,23
8540,128091,moving color pencils up,Moving [something] up,['color pencils'],1,Picking [something] up,pencil,1,26
3950,143139,moving color pencils up,Moving [something] up,['color pencils'],1,Picking [something] up,pencil,1,23
10156,56123,moving pencil up,Moving [something] up,['pencil'],1,Picking [something] up,pencil,1,44
3729,17399,lifting color pencils up completely without letting it drop down,Lifting [something] up completely without letting it drop down,['color pencils'],1,Picking [something] up,pencil,1,36
13802,137252,taking pencil,Taking [one of many similar things on the table],['pencil'],1,Picking [something] up,pencil,1,29
4251,170172,lifting color pencils up completely without letting it drop down,Lifting [something] up completely without letting it drop down,['color pencils'],1,Picking [something] up,pencil,1,36
5790,97240,moving color pencils up,Moving [something] up,['color pencils'],1,Picking [something] up,pencil,1,37
8635,22713,lifting pencil up completely without letting it drop down,Lifting [something] up completely without letting it drop down,['pencil'],1,Picking [something] up,pencil,1,26
6721,70177,lifting color pencils up completely without letting it drop down,Lifting [something] up completely without letting it drop down,['color pencils'],1,Picking [something] up,pencil,1,41
8517,183307,lifting pencil up completely without letting it drop down,Lifting [something] up completely without letting it drop down,['pencil'],1,Picking [something] up,pencil,1,32
12245,65727,moving color pencils up,Moving [something] up,['color pencils'],1,Picking [something] up,pencil,1,32
7523,78229,lifting pencil up completely without letting it drop down,Lifting [something] up completely without letting it drop down,['pencil'],1,Picking [something] up,pencil,1,26
1928,174425,lifting pencil up completely without letting it drop down,Lifting [something] up completely without letting it drop down,['pencil'],1,Picking [something] up,pencil,1,26
2928,136540,picking bottle up,Picking [something] up,['bottle'],1,Picking [something] up,bottle,1,47
1723,28564,taking water bottle,Taking [one of many similar things on the table],['water bottle'],1,Picking [something] up,bottle,1,61
8809,34945,picking bottle up,Picking [something] up,['bottle'],1,Picking [something] up,bottle,1,34
14103,201811,taking bottle,Taking [one of many similar things on the table],['bottle'],1,Picking [something] up,bottle,1,47
5704,26528,moving bottle up,Moving [something] up,['bottle'],1,Picking [something] up,bottle,1,47
11179,104011,taking bottle from floor,Taking [something] from [somewhere],"['bottle', 'floor']",2,Picking [something] up,bottle,1,35
14485,123079,picking bottle up,Picking [something] up,['bottle'],1,Picking [something] up,bottle,1,14
639,189382,picking bottle up,Picking [something] up,['bottle'],1,Picking [something] up,bottle,1,23
7265,33355,moving bottle up,Moving [something] up,['bottle'],1,Picking [something] up,bottle,1,38
6036,104163,taking water bottle out of helmet,Taking [something] out of [something],"['water bottle', 'helmet']",2,Picking [something] up,bottle,1,53
5777,149345,picking bottle up,Picking [something] up,['bottle'],1,Picking [something] up,bottle,1,39
8416,141700,taking bottle,Taking [one of many similar things on the table],['bottle'],1,Picking [something] up,bottle,1,45
6843,91572,lifting plastic bottle up completely without letting it drop down,Lifting [something] up completely without letting it drop down,['plastic bottle'],1,Picking [something] up,bottle,1,57
3286,153283,moving a bottle up,Moving [something] up,['a bottle'],1,Picking [something] up,bottle,1,64
12432,53214,taking bottles,Taking [one of many similar things on the table],['bottles'],1,Picking [something] up,bottle,1,43
13320,117856,taking a bottle,Taking [one of many similar things on the table],['a bottle'],1,Picking [something] up,bottle,1,52
9057,174455,taking bottles,Taking [one of many similar things on the table],['bottles'],1,Picking [something] up,bottle,1,41
7579,143310,lifting water bottle up completely without letting it drop down,Lifting [something] up completely without letting it drop down,['water bottle'],1,Picking [something] up,bottle,1,56
402,23798,moving plastic bottle up,Moving [something] up,['plastic bottle'],1,Picking [something] up,bottle,1,40
2629,78756,moving bottle up,Moving [something] up,['bottle'],1,Picking [something] up,bottle,1,34
10898,146239,lifting bottle with book on it,Lifting [something] with [something] on it,"['bottle', 'book']",2,Picking [something] up,bottle,1,43
1130,3474,lifting bottle up completely without letting it drop down,Lifting [something] up completely without letting it drop down,['bottle'],1,Picking [something] up,bottle,1,39
12826,213897,taking bottle,Taking [one of many similar things on the table],['bottle'],1,Picking [something] up,bottle,1,43
3573,173232,taking plastic bottle,Taking [one of many similar things on the table],['plastic bottle'],1,Picking [something] up,bottle,1,59
596,199297,taking bottles,Taking [one of many similar things on the table],['bottles'],1,Picking [something] up,bottle,1,35
3030,204617,lifting water bottle up completely without letting it drop down,Lifting [something] up completely without letting it drop down,['water bottle'],1,Picking [something] up,bottle,1,65
2167,69319,lifting bottle up completely without letting it drop down,Lifting [something] up completely without letting it drop down,['bottle'],1,Picking [something] up,bottle,1,38
13377,365,moving bottle up,Moving [something] up,['bottle'],1,Picking [something] up,bottle,1,46
3202,78399,taking plastic bottle,Taking [one of many similar things on the table],['plastic bottle'],1,Picking [something] up,bottle,1,45
4383,16402,taking bottles,Taking [one of many similar things on the table],['bottles'],1,Picking [something] up,bottle,1,28
4361,151655,picking a bottle up,Picking [something] up,['a bottle'],1,Picking [something] up,bottle,1,32
3464,137342,lifting a bottle with ring on it,Lifting [something] with [something] on it,"['a bottle', 'ring']",2,Picking [something] up,bottle,1,66
620,131051,taking bottle from switchboard,Taking [something] from [somewhere],"['bottle', 'switchboard']",2,Picking [something] up,bottle,1,32
2948,180016,picking bottle up,Picking [something] up,['bottle'],1,Picking [something] up,bottle,1,25
2054,93626,taking bottles,Taking [one of many similar things on the table],['bottles'],1,Picking [something] up,bottle,1,48
12809,142490,taking bottles,Taking [one of many similar things on the table],['bottles'],1,Picking [something] up,bottle,1,46
9223,162136,moving a bottle up,Moving [something] up,['a bottle'],1,Picking [something] up,bottle,1,38
4570,67652,taking bottles,Taking [one of many similar things on the table],['bottles'],1,Picking [something] up,bottle,1,44
12308,189206,moving bottle up,Moving [something] up,['bottle'],1,Picking [something] up,bottle,1,39
13465,90063,moving bottle up,Moving [something] up,['bottle'],1,Picking [something] up,bottle,1,48
816,198265,taking bottle from table,Taking [something] from [somewhere],"['bottle', 'table']",2,Picking [something] up,bottle,1,31
3517,214862,moving water bottle up,Moving [something] up,['water bottle'],1,Picking [something] up,bottle,1,44
8650,123925,moving a bottle up,Moving [something] up,['a bottle'],1,Picking [something] up,bottle,1,39
14324,5417,picking bottle up,Picking [something] up,['bottle'],1,Picking [something] up,bottle,1,62
9864,92601,moving plastic bottle up,Moving [something] up,['plastic bottle'],1,Picking [something] up,bottle,1,52
2313,28727,moving bottle up,Moving [something] up,['bottle'],1,Picking [something] up,bottle,1,30
3086,136580,moving bottle up,Moving [something] up,['bottle'],1,Picking [something] up,bottle,1,28
13758,82588,lifting water bottle with mobile phone on it,Lifting [something] with [something] on it,"['water bottle', 'mobile phone']",2,Picking [something] up,bottle,1,63
3821,114683,moving bottle up,Moving [something] up,['bottle'],1,Picking [something] up,bottle,1,38
4049,198498,picking bottle up,Picking [something] up,['bottle'],1,Picking [something] up,bottle,1,32
39,169618,taking plastic bottle from cabinet,Taking [something] from [somewhere],"['plastic bottle', 'cabinet']",2,Picking [something] up,bottle,1,36
608,173750,taking bottle,Taking [one of many similar things on the table],['bottle'],1,Picking [something] up,bottle,1,47
4389,150119,taking bottle,Taking [one of many similar things on the table],['bottle'],1,Picking [something] up,bottle,1,50
14207,69470,moving bottle up,Moving [something] up,['bottle'],1,Picking [something] up,bottle,1,61
9514,125059,lifting a bottle up completely without letting it drop down,Lifting [something] up completely without letting it drop down,['a bottle'],1,Picking [something] up,bottle,1,69
7125,52392,picking bottle up,Picking [something] up,['bottle'],1,Picking [something] up,bottle,1,35
3411,216842,moving bottle up,Moving [something] up,['bottle'],1,Picking [something] up,bottle,1,50
5015,98230,picking water bottle up,Picking [something] up,['water bottle'],1,Picking [something] up,bottle,1,67
11505,149085,lifting bottle up completely without letting it drop down,Lifting [something] up completely without letting it drop down,['bottle'],1,Picking [something] up,bottle,1,45
11350,100442,moving bottle up,Moving [something] up,['bottle'],1,Picking [something] up,bottle,1,48
14051,172333,lifting bottle up completely without letting it drop down,Lifting [something] up completely without letting it drop down,['bottle'],1,Picking [something] up,bottle,1,49
10820,154804,taking bottle from wash basin,Taking [something] from [somewhere],"['bottle', 'wash basin']",2,Picking [something] up,bottle,1,21
2804,68227,moving bottle up,Moving [something] up,['bottle'],1,Picking [something] up,bottle,1,38
2077,40016,taking water bottle from table,Taking [something] from [somewhere],"['water bottle', 'table']",2,Picking [something] up,bottle,1,49
8186,60485,taking bottle from floor,Taking [something] from [somewhere],"['bottle', 'floor']",2,Picking [something] up,bottle,1,32
4097,71214,taking plastic bottle from table,Taking [something] from [somewhere],"['plastic bottle', 'table']",2,Picking [something] up,bottle,1,39
11133,124389,lifting bottle with cover on it,Lifting [something] with [something] on it,"['bottle', 'cover']",2,Picking [something] up,bottle,1,67
1697,125798,taking water bottle,Taking [one of many similar things on the table],['water bottle'],1,Picking [something] up,bottle,1,45
6113,89940,picking bottle up,Picking [something] up,['bottle'],1,Picking [something] up,bottle,1,33
5598,91689,taking bottle from shower,Taking [something] from [somewhere],"['bottle', 'shower']",2,Picking [something] up,bottle,1,36
6977,178231,lifting bottle up completely without letting it drop down,Lifting [something] up completely without letting it drop down,['bottle'],1,Picking [something] up,bottle,1,67
10674,185907,taking bottles,Taking [one of many similar things on the table],['bottles'],1,Picking [something] up,bottle,1,41
11292,160998,taking bottles,Taking [one of many similar things on the table],['bottles'],1,Picking [something] up,bottle,1,49
7652,41236,moving bottle up,Moving [something] up,['bottle'],1,Picking [something] up,bottle,1,38
2148,112976,moving water bottle up,Moving [something] up,['water bottle'],1,Picking [something] up,bottle,1,30
2232,113069,putting color pencils on a surface,Putting [something] on a surface,['color pencils'],1,Putting [something],pencil,1,28
1167,4706,putting color pencils on a surface,Putting [something] on a surface,['color pencils'],1,Putting [something],pencil,1,39
6545,171269,putting a pencil behind a pencil box,Putting [something] behind [something],"['a pencil', 'a pencil box']",2,Putting [something],pencil,1,47
12641,79353,putting pencil on a surface,Putting [something] on a surface,['pencil'],1,Putting [something],pencil,1,30
4845,26480,putting color pencils on a surface,Putting [something] on a surface,['color pencils'],1,Putting [something],pencil,1,22
12588,123689,"putting a pencil, a lego and a button on the table","Putting [something], [something] and [something] on the table","['a pencil', 'a lego', 'a button']",3,Putting [something],pencil,1,58
5479,167341,putting color pencils on a surface,Putting [something] on a surface,['color pencils'],1,Putting [something],pencil,1,27
441,133286,putting pencil and eraser on the table,Putting [something] and [something] on the table,"['pencil', 'eraser']",2,Putting [something],pencil,1,65
14129,182735,putting pencil,Putting [something similar to other things that are already on the table],['pencil'],1,Putting [something],pencil,1,59
3832,91597,putting color pencils on a surface,Putting [something] on a surface,['color pencils'],1,Putting [something],pencil,1,27
14798,41828,putting pencil behind mug,Putting [something] behind [something],"['pencil', 'mug']",2,Putting [something],pencil,1,55
7697,51990,putting pencil onto bottle,Putting [something] onto [something],"['pencil', 'bottle']",2,Putting [something],pencil,1,34
4799,106883,putting color pencils on a surface,Putting [something] on a surface,['color pencils'],1,Putting [something],pencil,1,27
5043,16116,putting pencil on a surface,Putting [something] on a surface,['pencil'],1,Putting [something],pencil,1,51
3150,85192,putting color pencils on a surface,Putting [something] on a surface,['color pencils'],1,Putting [something],pencil,1,42
10498,208155,putting color pencils on a surface,Putting [something] on a surface,['color pencils'],1,Putting [something],pencil,1,27
3812,214992,putting color pencils on a surface,Putting [something] on a surface,['color pencils'],1,Putting [something],pencil,1,30
6841,84639,putting color pencils on a surface,Putting [something] on a surface,['color pencils'],1,Putting [something],pencil,1,38
158,142854,putting color pencils on a surface,Putting [something] on a surface,['color pencils'],1,Putting [something],pencil,1,43
10560,139793,"putting a pencil, a pencil sharpener and an eraser on the table","Putting [something], [something] and [something] on the table","['a pencil', 'a pencil sharpener', 'an eraser']",3,Putting [something],pencil,1,68
4255,71691,putting color pencils on a surface,Putting [something] on a surface,['color pencils'],1,Putting [something],pencil,1,27
909,173532,putting pencil on a surface,Putting [something] on a surface,['pencil'],1,Putting [something],pencil,1,61
12333,124168,putting pencil on a surface,Putting [something] on a surface,['pencil'],1,Putting [something],pencil,1,37
2396,172680,putting color pencils on a surface,Putting [something] on a surface,['color pencils'],1,Putting [something],pencil,1,30
390,21627,putting color pencils on a surface,Putting [something] on a surface,['color pencils'],1,Putting [something],pencil,1,47
2364,174473,putting color pencils on a surface,Putting [something] on a surface,['color pencils'],1,Putting [something],pencil,1,27
1651,21742,putting color pencils on a surface,Putting [something] on a surface,['color pencils'],1,Putting [something],pencil,1,29
2587,94405,putting color pencils on a surface,Putting [something] on a surface,['color pencils'],1,Putting [something],pencil,1,27
3567,80152,putting color pencils on a surface,Putting [something] on a surface,['color pencils'],1,Putting [something],pencil,1,29
7560,199290,putting color pencils on a surface,Putting [something] on a surface,['color pencils'],1,Putting [something],pencil,1,43
14277,48706,"putting a pencil, a pen and scissors on the table","Putting [something], [something] and [something] on the table","['a pencil', 'a pen', 'scissors']",3,Putting [something],pencil,1,69
4683,163996,putting color pencils on a surface,Putting [something] on a surface,['color pencils'],1,Putting [something],pencil,1,27
405,173781,putting color pencils on a surface,Putting [something] on a surface,['color pencils'],1,Putting [something],pencil,1,27
2258,104309,putting color pencils on a surface,Putting [something] on a surface,['color pencils'],1,Putting [something],pencil,1,29
1530,211592,putting a pencil next to a notebook,Putting [something] next to [something],"['a pencil', 'a notebook']",2,Putting [something],pencil,1,37
12625,40172,putting color pencils on a surface,Putting [something] on a surface,['color pencils'],1,Putting [something],pencil,1,42
3605,37220,putting color pencils on a surface,Putting [something] on a surface,['color pencils'],1,Putting [something],pencil,1,37
8577,41373,"putting pencil, pencil and pencil on the table","Putting [something], [something] and [something] on the table","['pencil', 'pencil', 'pencil']",3,Putting [something],pencil,1,35
11977,56929,putting color pencils on a surface,Putting [something] on a surface,['color pencils'],1,Putting [something],pencil,1,29
10338,114181,putting color pencils on a surface,Putting [something] on a surface,['color pencils'],1,Putting [something],pencil,1,42
665,47794,putting color pencils on a surface,Putting [something] on a surface,['color pencils'],1,Putting [something],pencil,1,48
14095,123961,putting pencil onto stapler,Putting [something] onto [something],"['pencil', 'stapler']",2,Putting [something],pencil,1,53
7997,48266,putting pencil next to pc harddisk,Putting [something] next to [something],"['pencil', 'pc harddisk']",2,Putting [something],pencil,1,44
12649,178411,putting color pencils on a surface,Putting [something] on a surface,['color pencils'],1,Putting [something],pencil,1,27
8331,19480,putting a pencil behind a book,Putting [something] behind [something],"['a pencil', 'a book']",2,Putting [something],pencil,1,59
1896,62143,putting color pencils on a surface,Putting [something] on a surface,['color pencils'],1,Putting [something],pencil,1,32
2382,88716,putting pencil behind keyboard,Putting [something] behind [something],"['pencil', 'keyboard']",2,Putting [something],pencil,1,41
3056,68749,putting pencil onto box,Putting [something] onto [something],"['pencil', 'box']",2,Putting [something],pencil,1,29
3163,49491,putting color pencils on a surface,Putting [something] on a surface,['color pencils'],1,Putting [something],pencil,1,30
3507,36788,putting pencil on a surface,Putting [something] on a surface,['pencil'],1,Putting [something],pencil,1,61
16,204821,putting pencil next to notebook,Putting [something] next to [something],"['pencil', 'notebook']",2,Putting [something],pencil,1,38
403,187697,putting pencil,Putting [something similar to other things that are already on the table],['pencil'],1,Putting [something],pencil,1,39
12948,211381,putting pencil on a flat surface without letting it roll,Putting [something] on a flat surface without letting it roll,['pencil'],1,Putting [something],pencil,1,45
3570,216959,putting pencil onto notebook,Putting [something] onto [something],"['pencil', 'notebook']",2,Putting [something],pencil,1,43
8722,116621,putting pencil behind heel,Putting [something] behind [something],"['pencil', 'heel']",2,Putting [something],pencil,1,49
9007,94931,putting pencil onto scissor,Putting [something] onto [something],"['pencil', 'scissor']",2,Putting [something],pencil,1,32
5052,149350,putting pencil,Putting [something similar to other things that are already on the table],['pencil'],1,Putting [something],pencil,1,32
12032,145468,putting color pencils on a surface,Putting [something] on a surface,['color pencils'],1,Putting [something],pencil,1,30
8555,135862,putting color pencils on a surface,Putting [something] on a surface,['color pencils'],1,Putting [something],pencil,1,27
12327,57597,putting color pencils on a surface,Putting [something] on a surface,['color pencils'],1,Putting [something],pencil,1,27
13208,188355,putting a pencil onto a magazine,Putting [something] onto [something],"['a pencil', 'a magazine']",2,Putting [something],pencil,1,48
13025,124212,putting pencil on a surface,Putting [something] on a surface,['pencil'],1,Putting [something],pencil,1,42
2020,190499,putting color pencils on a surface,Putting [something] on a surface,['color pencils'],1,Putting [something],pencil,1,27
1573,66672,putting color pencils on a surface,Putting [something] on a surface,['color pencils'],1,Putting [something],pencil,1,47
7493,122351,putting color pencils on a surface,Putting [something] on a surface,['color pencils'],1,Putting [something],pencil,1,32
12146,186660,putting color pencils on a surface,Putting [something] on a surface,['color pencils'],1,Putting [something],pencil,1,27
7002,76961,putting color pencils on a surface,Putting [something] on a surface,['color pencils'],1,Putting [something],pencil,1,29
1145,158661,putting pencil and toy car on the table,Putting [something] and [something] on the table,"['pencil', 'toy car']",2,Putting [something],pencil,1,49
7370,97666,putting color pencil on a surface,Putting [something] on a surface,['color pencil'],1,Putting [something],pencil,1,32
6133,165479,putting pencil,Putting [something similar to other things that are already on the table],['pencil'],1,Putting [something],pencil,1,36
7558,53526,putting a pencil,Putting [something similar to other things that are already on the table],['a pencil'],1,Putting [something],pencil,1,45
12626,200196,putting a pencil onto a duct tape,Putting [something] onto [something],"['a pencil', 'a duct tape']",2,Putting [something],pencil,1,29
7172,202476,putting a pencil next to a pencil sharpener,Putting [something] next to [something],"['a pencil', 'a pencil sharpener']",2,Putting [something],pencil,1,49
1585,191195,putting color pencils on a surface,Putting [something] on a surface,['color pencils'],1,Putting [something],pencil,1,36
13480,113521,putting color pencil,Putting [something similar to other things that are already on the table],['color pencil'],1,Putting [something],pencil,1,57
6691,135414,putting bottles,Putting [something similar to other things that are already on the table],['bottles'],1,Putting [something],bottle,1,40
335,148589,putting a water bottle and a pig bank on the table,Putting [something] and [something] on the table,"['a water bottle', 'a pig bank']",2,Putting [something],bottle,1,53
2226,51854,putting bottle on a surface,Putting [something] on a surface,['bottle'],1,Putting [something],bottle,1,49
11419,218334,putting bottle next to cup,Putting [something] next to [something],"['bottle', 'cup']",2,Putting [something],bottle,1,38
3728,193036,putting bottle behind ball,Putting [something] behind [something],"['bottle', 'ball']",2,Putting [something],bottle,1,30
9927,156168,"putting water bottle, wooden stick and small marble on the table","Putting [something], [something] and [something] on the table","['water bottle', 'wooden stick', 'small marble']",3,Putting [something],bottle,1,66
13756,66960,putting bottle on a surface,Putting [something] on a surface,['bottle'],1,Putting [something],bottle,1,38
11613,67715,"putting bottle, comb and cucumber on the table","Putting [something], [something] and [something] on the table","['bottle', 'comb', 'cucumber']",3,Putting [something],bottle,1,49
10523,71541,putting bottle on a flat surface without letting it roll,Putting [something] on a flat surface without letting it roll,['bottle'],1,Putting [something],bottle,1,63
12346,157990,putting a bottle on a surface,Putting [something] on a surface,['a bottle'],1,Putting [something],bottle,1,35
8715,167340,putting bottle onto can,Putting [something] onto [something],"['bottle', 'can']",2,Putting [something],bottle,1,28
1791,61902,putting bottle next to bucket,Putting [something] next to [something],"['bottle', 'bucket']",2,Putting [something],bottle,1,36
2572,79125,putting bottle behind bottle,Putting [something] behind [something],"['bottle', 'bottle']",2,Putting [something],bottle,1,27
11810,22621,putting bottle on a flat surface without letting it roll,Putting [something] on a flat surface without letting it roll,['bottle'],1,Putting [something],bottle,1,49
4441,91032,putting bottle and tape on the table,Putting [something] and [something] on the table,"['bottle', 'tape']",2,Putting [something],bottle,1,49
6086,96440,"putting water bottle, toy and container bottle on the table","Putting [something], [something] and [something] on the table","['water bottle', 'toy', 'container bottle']",3,Putting [something],bottle,1,57
576,215304,putting bottle onto wash basin,Putting [something] onto [something],"['bottle', 'wash basin']",2,Putting [something],bottle,1,57
3500,161116,putting bottles,Putting [something similar to other things that are already on the table],['bottles'],1,Putting [something],bottle,1,37
1990,94343,putting bottle on a surface,Putting [something] on a surface,['bottle'],1,Putting [something],bottle,1,49
2354,184648,putting bottle and comb on the table,Putting [something] and [something] on the table,"['bottle', 'comb']",2,Putting [something],bottle,1,46
12549,26302,putting bottle on a surface,Putting [something] on a surface,['bottle'],1,Putting [something],bottle,1,28
4871,134217,putting bottle next to bowl,Putting [something] next to [something],"['bottle', 'bowl']",2,Putting [something],bottle,1,65
616,183389,putting bottle next to box,Putting [something] next to [something],"['bottle', 'box']",2,Putting [something],bottle,1,48
9455,174924,putting bottles,Putting [something similar to other things that are already on the table],['bottles'],1,Putting [something],bottle,1,37
9399,152187,putting bottle on a surface,Putting [something] on a surface,['bottle'],1,Putting [something],bottle,1,38
9061,219115,putting bottle onto motor,Putting [something] onto [something],"['bottle', 'motor']",2,Putting [something],bottle,1,52
5223,138295,putting bottle,Putting [something similar to other things that are already on the table],['bottle'],1,Putting [something],bottle,1,23
8059,36765,putting water bottle behind stucco box,Putting [something] behind [something],"['water bottle', 'stucco box']",2,Putting [something],bottle,1,45
2604,187847,putting bottle behind pillow,Putting [something] behind [something],"['bottle', 'pillow']",2,Putting [something],bottle,1,50
5877,32199,putting a water bottle on a flat surface without letting it roll,Putting [something] on a flat surface without letting it roll,['a water bottle'],1,Putting [something],bottle,1,51
14645,47212,putting a bottle next to a cup,Putting [something] next to [something],"['a bottle', 'a cup']",2,Putting [something],bottle,1,41
982,12592,"putting bottle, wallet and pen on the table","Putting [something], [something] and [something] on the table","['bottle', 'wallet', 'pen']",3,Putting [something],bottle,1,41
4729,205374,putting a bottle on a surface,Putting [something] on a surface,['a bottle'],1,Putting [something],bottle,1,43
3049,81070,putting bottles,Putting [something similar to other things that are already on the table],['bottles'],1,Putting [something],bottle,1,35
7501,4750,putting bottle on a surface,Putting [something] on a surface,['bottle'],1,Putting [something],bottle,1,48
4307,186603,putting water bottle onto surface,Putting [something] onto [something],"['water bottle', 'surface']",2,Putting [something],bottle,1,46
13229,7493,putting bottle behind shoe,Putting [something] behind [something],"['bottle', 'shoe']",2,Putting [something],bottle,1,47
6496,200264,putting bottles,Putting [something similar to other things that are already on the table],['bottles'],1,Putting [something],bottle,1,43
3125,118698,putting bottles,Putting [something similar to other things that are already on the table],['bottles'],1,Putting [something],bottle,1,33
604,208151,putting bottle on a surface,Putting [something] on a surface,['bottle'],1,Putting [something],bottle,1,49
8023,105095,putting water bottle next to water bottle,Putting [something] next to [something],"['water bottle', 'water bottle']",2,Putting [something],bottle,1,38
4676,176230,putting bottles,Putting [something similar to other things that are already on the table],['bottles'],1,Putting [something],bottle,1,30
3093,217987,putting a bottle on a surface,Putting [something] on a surface,['a bottle'],1,Putting [something],bottle,1,50
4753,195610,putting bottle on a surface,Putting [something] on a surface,['bottle'],1,Putting [something],bottle,1,49
1023,73022,putting bottle,Putting [something similar to other things that are already on the table],['bottle'],1,Putting [something],bottle,1,31
9752,151815,putting a bottle next to an onion,Putting [something] next to [something],"['a bottle', 'an onion']",2,Putting [something],bottle,1,53
6900,168297,putting bottle,Putting [something similar to other things that are already on the table],['bottle'],1,Putting [something],bottle,1,37
9738,40081,putting bottle on a surface,Putting [something] on a surface,['bottle'],1,Putting [something],bottle,1,34
8223,119797,putting bottle on a flat surface without letting it roll,Putting [something] on a flat surface without letting it roll,['bottle'],1,Putting [something],bottle,1,70
13580,167310,putting bottle next to juicer,Putting [something] next to [something],"['bottle', 'juicer']",2,Putting [something],bottle,1,50
11541,193289,putting bottle on a surface,Putting [something] on a surface,['bottle'],1,Putting [something],bottle,1,34
6075,96535,putting bottles,Putting [something similar to other things that are already on the table],['bottles'],1,Putting [something],bottle,1,30
5551,198331,putting bottle onto table,Putting [something] onto [something],"['bottle', 'table']",2,Putting [something],bottle,1,33
2254,150379,putting bottle on a surface,Putting [something] on a surface,['bottle'],1,Putting [something],bottle,1,40
9846,103830,putting bottle on a surface,Putting [something] on a surface,['bottle'],1,Putting [something],bottle,1,34
3614,78195,putting bottles,Putting [something similar to other things that are already on the table],['bottles'],1,Putting [something],bottle,1,38
13158,65966,putting bottle on a flat surface without letting it roll,Putting [something] on a flat surface without letting it roll,['bottle'],1,Putting [something],bottle,1,41
3141,12491,putting bottle on a surface,Putting [something] on a surface,['bottle'],1,Putting [something],bottle,1,28
11476,134969,putting bottle next to bottle,Putting [something] next to [something],"['bottle', 'bottle']",2,Putting [something],bottle,1,35
9318,176929,putting bottle on a surface,Putting [something] on a surface,['bottle'],1,Putting [something],bottle,1,48
14286,155438,putting a bottle next to an iron,Putting [something] next to [something],"['a bottle', 'an iron']",2,Putting [something],bottle,1,52
14711,146598,putting bottle,Putting [something similar to other things that are already on the table],['bottle'],1,Putting [something],bottle,1,46
5898,98474,putting bottle on a surface,Putting [something] on a surface,['bottle'],1,Putting [something],bottle,1,23
7636,67618,"putting bottle, tube and purse on the table","Putting [something], [something] and [something] on the table","['bottle', 'tube', 'purse']",3,Putting [something],bottle,1,58
1393,90254,putting water bottle and 7 up bottle on the table,Putting [something] and [something] on the table,"['water bottle', '7 up bottle']",2,Putting [something],bottle,1,68
13819,37264,putting a plastic bottle on a flat surface without letting it roll,Putting [something] on a flat surface without letting it roll,['a plastic bottle'],1,Putting [something],bottle,1,62
2438,48445,"putting bottle, glass and pan on the table","Putting [something], [something] and [something] on the table","['bottle', 'glass', 'pan']",3,Putting [something],bottle,1,68
4919,93328,putting bottle onto rice cooker,Putting [something] onto [something],"['bottle', 'rice cooker']",2,Putting [something],bottle,1,34
14065,52198,putting bottle onto cup,Putting [something] onto [something],"['bottle', 'cup']",2,Putting [something],bottle,1,55
14363,3362,putting the bottle next to the bowl,Putting [something] next to [something],"['the bottle', 'the bowl']",2,Putting [something],bottle,1,55
5873,182587,putting bottle onto plastic container,Putting [something] onto [something],"['bottle', 'plastic container']",2,Putting [something],bottle,1,38
10993,199031,putting a bottle behind a pen,Putting [something] behind [something],"['a bottle', 'a pen']",2,Putting [something],bottle,1,52
11207,88156,putting bottle onto note,Putting [something] onto [something],"['bottle', 'note']",2,Putting [something],bottle,1,37
11135,78157,putting bottle on a surface,Putting [something] on a surface,['bottle'],1,Putting [something],bottle,1,28
7623,153098,putting bottle onto leaf,Putting [something] onto [something],"['bottle', 'leaf']",2,Putting [something],bottle,1,42
624,110639,throwing color pencils,Throwing [something],['color pencils'],1,Dropping [something],pencil,1,27
7000,162145,throwing color pencils,Throwing [something],['color pencils'],1,Dropping [something],pencil,1,28
14362,85932,pencil falling like a rock,[Something] falling like a rock,['pencil'],1,Dropping [something],pencil,1,39
12060,14632,a pencil falling like a rock,[Something] falling like a rock,['a pencil'],1,Dropping [something],pencil,1,48
79,195331,throwing color pencils,Throwing [something],['color pencils'],1,Dropping [something],pencil,1,39
7681,27409,throwing color pencils,Throwing [something],['color pencils'],1,Dropping [something],pencil,1,26
6392,178568,throwing color pencils,Throwing [something],['color pencils'],1,Dropping [something],pencil,1,29
9277,146402,throwing color pencils,Throwing [something],['color pencils'],1,Dropping [something],pencil,1,47
6446,217128,throwing color pencils,Throwing [something],['color pencils'],1,Dropping [something],pencil,1,49
12674,197372,throwing color pencils,Throwing [something],['color pencils'],1,Dropping [something],pencil,1,30
4497,24567,throwing pencil in the air and letting it fall,Throwing [something] in the air and letting it fall,['pencil'],1,Dropping [something],pencil,1,36
12823,51218,throwing color pencils,Throwing [something],['color pencils'],1,Dropping [something],pencil,1,27
12925,72212,throwing pencil,Throwing [something],['pencil'],1,Dropping [something],pencil,1,68
8573,102451,throwing color pencils,Throwing [something],['color pencils'],1,Dropping [something],pencil,1,28
7345,121538,throwing color pencils,Throwing [something],['color pencils'],1,Dropping [something],pencil,1,32
10849,123770,throwing color pencils,Throwing [something],['color pencils'],1,Dropping [something],pencil,1,29
2150,101495,throwing color pencils,Throwing [something],['color pencils'],1,Dropping [something],pencil,1,39
8033,103547,throwing color pencils,Throwing [something],['color pencils'],1,Dropping [something],pencil,1,32
9589,139225,throwing color pencils,Throwing [something],['color pencils'],1,Dropping [something],pencil,1,26
10132,96005,throwing color pencils,Throwing [something],['color pencils'],1,Dropping [something],pencil,1,27
6107,199012,throwing color pencils,Throwing [something],['color pencils'],1,Dropping [something],pencil,1,35
6576,166771,throwing color pencils,Throwing [something],['color pencils'],1,Dropping [something],pencil,1,26
10218,166682,throwing color pencils,Throwing [something],['color pencils'],1,Dropping [something],pencil,1,28
2173,39534,throwing color pencils,Throwing [something],['color pencils'],1,Dropping [something],pencil,1,35
3331,58470,throwing color pencils,Throwing [something],['color pencils'],1,Dropping [something],pencil,1,29
8752,89668,throwing color pencils,Throwing [something],['color pencils'],1,Dropping [something],pencil,1,35
7628,149184,throwing color pencils,Throwing [something],['color pencils'],1,Dropping [something],pencil,1,49
344,152457,throwing color pencils,Throwing [something],['color pencils'],1,Dropping [something],pencil,1,30
802,24691,throwing color pencils,Throwing [something],['color pencils'],1,Dropping [something],pencil,1,35
12455,197336,throwing a pencil onto a surface,Throwing [something] onto a surface,['a pencil'],1,Dropping [something],pencil,1,37
6069,40777,throwing color pencils,Throwing [something],['color pencils'],1,Dropping [something],pencil,1,26
1040,203654,throwing color pencils,Throwing [something],['color pencils'],1,Dropping [something],pencil,1,29
11612,6746,throwing color pencils,Throwing [something],['color pencils'],1,Dropping [something],pencil,1,26
3288,174664,throwing color pencils,Throwing [something],['color pencils'],1,Dropping [something],pencil,1,40
10788,133381,throwing color pencils,Throwing [something],['color pencils'],1,Dropping [something],pencil,1,36
8200,1217,throwing color pencils,Throwing [something],['color pencils'],1,Dropping [something],pencil,1,26
7120,216016,throwing color pencils,Throwing [something],['color pencils'],1,Dropping [something],pencil,1,27
6226,587,throwing color pencils,Throwing [something],['color pencils'],1,Dropping [something],pencil,1,32
12350,217879,throwing color pencils,Throwing [something],['color pencils'],1,Dropping [something],pencil,1,36
5074,84205,throwing color pencils,Throwing [something],['color pencils'],1,Dropping [something],pencil,1,26
1739,83083,throwing color pencils,Throwing [something],['color pencils'],1,Dropping [something],pencil,1,28
9263,85947,throwing color pencils,Throwing [something],['color pencils'],1,Dropping [something],pencil,1,29
12345,73444,throwing color pencils,Throwing [something],['color pencils'],1,Dropping [something],pencil,1,39
7978,3383,throwing color pencils,Throwing [something],['color pencils'],1,Dropping [something],pencil,1,29
7710,15923,pencil falling like a rock,[Something] falling like a rock,['pencil'],1,Dropping [something],pencil,1,42
6509,172857,throwing color pencils,Throwing [something],['color pencils'],1,Dropping [something],pencil,1,28
3445,100316,throwing color pencils,Throwing [something],['color pencils'],1,Dropping [something],pencil,1,28
11860,212943,throwing color pencils,Throwing [something],['color pencils'],1,Dropping [something],pencil,1,49
740,129416,throwing color pencils,Throwing [something],['color pencils'],1,Dropping [something],pencil,1,28
5021,96167,throwing color pencils,Throwing [something],['color pencils'],1,Dropping [something],pencil,1,36
7632,4552,throwing color pencils,Throwing [something],['color pencils'],1,Dropping [something],pencil,1,26
12878,184624,throwing color pencils,Throwing [something],['color pencils'],1,Dropping [something],pencil,1,28
944,55544,throwing color pencils,Throwing [something],['color pencils'],1,Dropping [something],pencil,1,27
1062,185754,throwing color pencils,Throwing [something],['color pencils'],1,Dropping [something],pencil,1,38
107,203518,throwing color pencils,Throwing [something],['color pencils'],1,Dropping [something],pencil,1,30
10076,158854,throwing color pencils,Throwing [something],['color pencils'],1,Dropping [something],pencil,1,27
12461,57931,throwing a color pencil onto a surface,Throwing [something] onto a surface,['a color pencil'],1,Dropping [something],pencil,1,54
1796,198777,throwing color pencils,Throwing [something],['color pencils'],1,Dropping [something],pencil,1,39
11315,167189,throwing color pencils,Throwing [something],['color pencils'],1,Dropping [something],pencil,1,29
1665,27361,throwing color pencils,Throwing [something],['color pencils'],1,Dropping [something],pencil,1,28
5848,191611,throwing pencil in the air and letting it fall,Throwing [something] in the air and letting it fall,['pencil'],1,Dropping [something],pencil,1,48
8865,176703,throwing color pencils,Throwing [something],['color pencils'],1,Dropping [something],pencil,1,40
205,75014,throwing color pencils,Throwing [something],['color pencils'],1,Dropping [something],pencil,1,39
8122,220519,throwing color pencils,Throwing [something],['color pencils'],1,Dropping [something],pencil,1,29
8572,20292,throwing color pencils,Throwing [something],['color pencils'],1,Dropping [something],pencil,1,29
1693,75880,throwing color pencils,Throwing [something],['color pencils'],1,Dropping [something],pencil,1,28
12423,108180,throwing color pencils,Throwing [something],['color pencils'],1,Dropping [something],pencil,1,26
2335,120485,throwing color pencils,Throwing [something],['color pencils'],1,Dropping [something],pencil,1,30
6618,203579,throwing color pencils,Throwing [something],['color pencils'],1,Dropping [something],pencil,1,26
1755,129240,throwing color pencils,Throwing [something],['color pencils'],1,Dropping [something],pencil,1,34
6681,101281,throwing color pencils,Throwing [something],['color pencils'],1,Dropping [something],pencil,1,32
11154,11160,throwing color pencils,Throwing [something],['color pencils'],1,Dropping [something],pencil,1,26
11932,152884,throwing a pencil onto a surface,Throwing [something] onto a surface,['a pencil'],1,Dropping [something],pencil,1,28
6165,17379,throwing color pencils,Throwing [something],['color pencils'],1,Dropping [something],pencil,1,26
5685,161739,throwing color pencils,Throwing [something],['color pencils'],1,Dropping [something],pencil,1,28
13639,81836,a water bottle falling like a rock,[Something] falling like a rock,['a water bottle'],1,Dropping [something],bottle,1,48
13115,203180,bottle falling like a rock,[Something] falling like a rock,['bottle'],1,Dropping [something],bottle,1,41
2249,87160,throwing bottle,Throwing [something],['bottle'],1,Dropping [something],bottle,1,26
7998,5256,bottle falling like a rock,[Something] falling like a rock,['bottle'],1,Dropping [something],bottle,1,54
10390,205933,throwing water bottle onto a surface,Throwing [something] onto a surface,['water bottle'],1,Dropping [something],bottle,1,63
7536,15018,a plastic bottle falling like a rock,[Something] falling like a rock,['a plastic bottle'],1,Dropping [something],bottle,1,47
2046,150920,throwing bottle,Throwing [something],['bottle'],1,Dropping [something],bottle,1,46
2579,154854,throwing water bottle onto a surface,Throwing [something] onto a surface,['water bottle'],1,Dropping [something],bottle,1,45
11155,35288,throwing bottle,Throwing [something],['bottle'],1,Dropping [something],bottle,1,26
353,165440,a bottle falling like a rock,[Something] falling like a rock,['a bottle'],1,Dropping [something],bottle,1,42
10685,62065,throwing bottle,Throwing [something],['bottle'],1,Dropping [something],bottle,1,26
14100,152046,throwing water bottle,Throwing [something],['water bottle'],1,Dropping [something],bottle,1,44
6506,191630,throwing a bottle,Throwing [something],['a bottle'],1,Dropping [something],bottle,1,35
894,147405,bottle falling like a rock,[Something] falling like a rock,['bottle'],1,Dropping [something],bottle,1,42
12394,34224,throwing bottle in the air and letting it fall,Throwing [something] in the air and letting it fall,['bottle'],1,Dropping [something],bottle,1,36
10576,57587,throwing a plastic bottle,Throwing [something],['a plastic bottle'],1,Dropping [something],bottle,1,34
3927,79669,throwing bottle,Throwing [something],['bottle'],1,Dropping [something],bottle,1,34
710,177571,throwing a bottle,Throwing [something],['a bottle'],1,Dropping [something],bottle,1,41
10062,96414,throwing bottle in the air and letting it fall,Throwing [something] in the air and letting it fall,['bottle'],1,Dropping [something],bottle,1,49
14234,106124,throwing bottle in the air and letting it fall,Throwing [something] in the air and letting it fall,['bottle'],1,Dropping [something],bottle,1,30
1448,150084,throwing bottle,Throwing [something],['bottle'],1,Dropping [something],bottle,1,66
114,130547,bottle falling like a rock,[Something] falling like a rock,['bottle'],1,Dropping [something],bottle,1,24
8345,7540,throwing water bottle onto a surface,Throwing [something] onto a surface,['water bottle'],1,Dropping [something],bottle,1,49
1397,71426,throwing bottle,Throwing [something],['bottle'],1,Dropping [something],bottle,1,26
14083,171019,a bottle falling like a rock,[Something] falling like a rock,['a bottle'],1,Dropping [something],bottle,1,45
8603,194884,throwing bottle in the air and letting it fall,Throwing [something] in the air and letting it fall,['bottle'],1,Dropping [something],bottle,1,41
11159,49069,throwing bottle,Throwing [something],['bottle'],1,Dropping [something],bottle,1,30
7860,64317,throwing bottle,Throwing [something],['bottle'],1,Dropping [something],bottle,1,29
8066,78944,throwing bottle,Throwing [something],['bottle'],1,Dropping [something],bottle,1,38
2194,20524,throwing plastic bottle onto a surface,Throwing [something] onto a surface,['plastic bottle'],1,Dropping [something],bottle,1,35
13010,138466,bottle falling like a rock,[Something] falling like a rock,['bottle'],1,Dropping [something],bottle,1,38
339,117131,throwing plastic bottle in the air and letting it fall,Throwing [something] in the air and letting it fall,['plastic bottle'],1,Dropping [something],bottle,1,43
8561,158757,throwing water bottle onto a surface,Throwing [something] onto a surface,['water bottle'],1,Dropping [something],bottle,1,65
661,59630,bottle falling like a rock,[Something] falling like a rock,['bottle'],1,Dropping [something],bottle,1,52
2455,104585,throwing plastic bottle,Throwing [something],['plastic bottle'],1,Dropping [something],bottle,1,45
3855,80484,throwing bottle onto a surface,Throwing [something] onto a surface,['bottle'],1,Dropping [something],bottle,1,42
5597,36528,throwing water bottle in the air and letting it fall,Throwing [something] in the air and letting it fall,['water bottle'],1,Dropping [something],bottle,1,23
2815,193630,water bottle falling like a feather or paper,[Something] falling like a feather or paper,['water bottle'],1,Dropping [something],bottle,1,59
14094,206965,bottle falling like a rock,[Something] falling like a rock,['bottle'],1,Dropping [something],bottle,1,35
12690,109123,throwing a bottle,Throwing [something],['a bottle'],1,Dropping [something],bottle,1,39
10963,202776,a bottle falling like a rock,[Something] falling like a rock,['a bottle'],1,Dropping [something],bottle,1,54
10864,96381,throwing plastic bottle onto a surface,Throwing [something] onto a surface,['plastic bottle'],1,Dropping [something],bottle,1,30
3760,1385,throwing bottle in the air and letting it fall,Throwing [something] in the air and letting it fall,['bottle'],1,Dropping [something],bottle,1,39
11289,146960,throwing bottle,Throwing [something],['bottle'],1,Dropping [something],bottle,1,49
4105,23679,throwing water bottle,Throwing [something],['water bottle'],1,Dropping [something],bottle,1,66
8821,135993,throwing bottle,Throwing [something],['bottle'],1,Dropping [something],bottle,1,26
987,83886,bottle falling like a rock,[Something] falling like a rock,['bottle'],1,Dropping [something],bottle,1,48
1461,145932,throwing bottle,Throwing [something],['bottle'],1,Dropping [something],bottle,1,34
13063,161212,throwing plastic bottle,Throwing [something],['plastic bottle'],1,Dropping [something],bottle,1,40
7797,91236,bottle falling like a rock,[Something] falling like a rock,['bottle'],1,Dropping [something],bottle,1,44
8357,199875,bottle falling like a rock,[Something] falling like a rock,['bottle'],1,Dropping [something],bottle,1,32
101,66377,a bottle falling like a rock,[Something] falling like a rock,['a bottle'],1,Dropping [something],bottle,1,27
12585,119053,throwing bottle,Throwing [something],['bottle'],1,Dropping [something],bottle,1,26
2906,179511,throwing plastic bottle onto a surface,Throwing [something] onto a surface,['plastic bottle'],1,Dropping [something],bottle,1,42
9197,85452,throwing water bottle,Throwing [something],['water bottle'],1,Dropping [something],bottle,1,61
13284,117335,bottle falling like a rock,[Something] falling like a rock,['bottle'],1,Dropping [something],bottle,1,32
14782,120938,throwing bottle onto a surface,Throwing [something] onto a surface,['bottle'],1,Dropping [something],bottle,1,34
3762,212165,throwing bottle,Throwing [something],['bottle'],1,Dropping [something],bottle,1,53
3906,14218,bottle falling like a rock,[Something] falling like a rock,['bottle'],1,Dropping [something],bottle,1,39
2737,17737,throwing plastic bottle in the air and letting it fall,Throwing [something] in the air and letting it fall,['plastic bottle'],1,Dropping [something],bottle,1,34
13944,120503,throwing the bottle,Throwing [something],['the bottle'],1,Dropping [something],bottle,1,40
11424,165900,throwing a plastic bottle onto a surface,Throwing [something] onto a surface,['a plastic bottle'],1,Dropping [something],bottle,1,36
6690,118795,bottle falling like a rock,[Something] falling like a rock,['bottle'],1,Dropping [something],bottle,1,34
6308,22708,a water bottle falling like a rock,[Something] falling like a rock,['a water bottle'],1,Dropping [something],bottle,1,27
13959,44700,throwing bottle,Throwing [something],['bottle'],1,Dropping [something],bottle,1,41
10782,214644,throwing water bottle onto a surface,Throwing [something] onto a surface,['water bottle'],1,Dropping [something],bottle,1,18
6127,176409,throwing a plastic bottle in the air and letting it fall,Throwing [something] in the air and letting it fall,['a plastic bottle'],1,Dropping [something],bottle,1,37
360,73067,bottle falling like a rock,[Something] falling like a rock,['bottle'],1,Dropping [something],bottle,1,20
631,213916,throwing plastic bottle in the air and letting it fall,Throwing [something] in the air and letting it fall,['plastic bottle'],1,Dropping [something],bottle,1,39
13897,146309,bottle falling like a rock,[Something] falling like a rock,['bottle'],1,Dropping [something],bottle,1,42
722,28401,throwing bottle onto a surface,Throwing [something] onto a surface,['bottle'],1,Dropping [something],bottle,1,40
907,35508,throwing bottle,Throwing [something],['bottle'],1,Dropping [something],bottle,1,26
3776,45278,water bottle falling like a rock,[Something] falling like a rock,['water bottle'],1,Dropping [something],bottle,1,49
5578,185693,throwing plastic bottle onto a surface,Throwing [something] onto a surface,['plastic bottle'],1,Dropping [something],bottle,1,60
2430,174095,throwing plastic bottle onto a surface,Throwing [something] onto a surface,['plastic bottle'],1,Dropping [something],bottle,1,50
4306,78325,pushing color pencils from left to right,Pushing [something] from left to right,['color pencils'],1,Moving [something] from left to right,pencil,1,29
14440,160106,pulling a pencil from left to right,Pulling [something] from left to right,['a pencil'],1,Moving [something] from left to right,pencil,1,19
4342,65932,pushing color pencils from left to right,Pushing [something] from left to right,['color pencils'],1,Moving [something] from left to right,pencil,1,28
1851,163030,pushing color pencils from left to right,Pushing [something] from left to right,['color pencils'],1,Moving [something] from left to right,pencil,1,39
4655,166047,pushing color pencils from left to right,Pushing [something] from left to right,['color pencils'],1,Moving [something] from left to right,pencil,1,31
5702,124157,pushing color pencils from left to right,Pushing [something] from left to right,['color pencils'],1,Moving [something] from left to right,pencil,1,24
359,173303,pushing color pencils from left to right,Pushing [something] from left to right,['color pencils'],1,Moving [something] from left to right,pencil,1,32
8085,143183,pushing color pencils from left to right,Pushing [something] from left to right,['color pencils'],1,Moving [something] from left to right,pencil,1,40
2301,68340,pushing pencil from left to right,Pushing [something] from left to right,['pencil'],1,Moving [something] from left to right,pencil,1,62
7344,25386,pushing color pencils from left to right,Pushing [something] from left to right,['color pencils'],1,Moving [something] from left to right,pencil,1,32
7996,113695,pushing color pencils from left to right,Pushing [something] from left to right,['color pencils'],1,Moving [something] from left to right,pencil,1,24
8629,169947,pushing pencil from left to right,Pushing [something] from left to right,['pencil'],1,Moving [something] from left to right,pencil,1,60
11665,179916,pushing color pencils from left to right,Pushing [something] from left to right,['color pencils'],1,Moving [something] from left to right,pencil,1,40
10186,97335,pushing color pencils from left to right,Pushing [something] from left to right,['color pencils'],1,Moving [something] from left to right,pencil,1,28
5294,132231,pushing color pencils from left to right,Pushing [something] from left to right,['color pencils'],1,Moving [something] from left to right,pencil,1,40
3240,195987,pushing color pencils from left to right,Pushing [something] from left to right,['color pencils'],1,Moving [something] from left to right,pencil,1,28
776,100755,pushing color pencils from left to right,Pushing [something] from left to right,['color pencils'],1,Moving [something] from left to right,pencil,1,38
13003,109186,pulling color pencils from left to right,Pulling [something] from left to right,['color pencils'],1,Moving [something] from left to right,pencil,1,42
4241,70982,pushing color pencils from left to right,Pushing [something] from left to right,['color pencils'],1,Moving [something] from left to right,pencil,1,28
8964,146763,pushing color pencils from left to right,Pushing [something] from left to right,['color pencils'],1,Moving [something] from left to right,pencil,1,28
2106,161928,pushing color pencils from left to right,Pushing [something] from left to right,['color pencils'],1,Moving [something] from left to right,pencil,1,29
4583,101803,pushing a pencil from left to right,Pushing [something] from left to right,['a pencil'],1,Moving [something] from left to right,pencil,1,48
12949,174250,pushing pencil from left to right,Pushing [something] from left to right,['pencil'],1,Moving [something] from left to right,pencil,1,29
6493,180272,pushing color pencils from left to right,Pushing [something] from left to right,['color pencils'],1,Moving [something] from left to right,pencil,1,24
12006,159225,pushing color pencils from left to right,Pushing [something] from left to right,['color pencils'],1,Moving [something] from left to right,pencil,1,29
12882,172538,pushing color pencils from left to right,Pushing [something] from left to right,['color pencils'],1,Moving [something] from left to right,pencil,1,28
6227,52908,pushing color pencils from left to right,Pushing [something] from left to right,['color pencils'],1,Moving [something] from left to right,pencil,1,31
5480,125,pushing pencil from left to right,Pushing [something] from left to right,['pencil'],1,Moving [something] from left to right,pencil,1,61
11121,92261,pushing color pencils from left to right,Pushing [something] from left to right,['color pencils'],1,Moving [something] from left to right,pencil,1,28
3454,200737,pulling color pencils from left to right,Pulling [something] from left to right,['color pencils'],1,Moving [something] from left to right,pencil,1,41
5832,138201,pushing color pencils from left to right,Pushing [something] from left to right,['color pencils'],1,Moving [something] from left to right,pencil,1,32
8095,202660,pushing color pencils from left to right,Pushing [something] from left to right,['color pencils'],1,Moving [something] from left to right,pencil,1,26
8751,5714,pulling color pencils from left to right,Pulling [something] from left to right,['color pencils'],1,Moving [something] from left to right,pencil,1,61
7883,25195,pushing color pencils from left to right,Pushing [something] from left to right,['color pencils'],1,Moving [something] from left to right,pencil,1,40
5418,210827,pushing color pencils from left to right,Pushing [something] from left to right,['color pencils'],1,Moving [something] from left to right,pencil,1,45
5159,33106,pushing color pencils from left to right,Pushing [something] from left to right,['color pencils'],1,Moving [something] from left to right,pencil,1,27
11466,171942,pushing pencil from left to right,Pushing [something] from left to right,['pencil'],1,Moving [something] from left to right,pencil,1,37
11993,25908,pushing color pencils from left to right,Pushing [something] from left to right,['color pencils'],1,Moving [something] from left to right,pencil,1,27
2289,206395,pushing color pencils from left to right,Pushing [something] from left to right,['color pencils'],1,Moving [something] from left to right,pencil,1,29
4522,172545,pushing color pencils from left to right,Pushing [something] from left to right,['color pencils'],1,Moving [something] from left to right,pencil,1,31
11744,13681,pushing color pencils from left to right,Pushing [something] from left to right,['color pencils'],1,Moving [something] from left to right,pencil,1,24
6906,28274,pushing color pencils from left to right,Pushing [something] from left to right,['color pencils'],1,Moving [something] from left to right,pencil,1,31
2317,77050,pushing color pencils from left to right,Pushing [something] from left to right,['color pencils'],1,Moving [something] from left to right,pencil,1,32
6687,85018,pushing color pencils from left to right,Pushing [something] from left to right,['color pencils'],1,Moving [something] from left to right,pencil,1,38
786,66109,pushing color pencils from left to right,Pushing [something] from left to right,['color pencils'],1,Moving [something] from left to right,pencil,1,39
2222,119647,pushing color pencils from left to right,Pushing [something] from left to right,['color pencils'],1,Moving [something] from left to right,pencil,1,28
842,34924,pushing color pencils from left to right,Pushing [something] from left to right,['color pencils'],1,Moving [something] from left to right,pencil,1,32
3466,22159,pushing color pencils from left to right,Pushing [something] from left to right,['color pencils'],1,Moving [something] from left to right,pencil,1,38
9630,85900,pushing color pencils from left to right,Pushing [something] from left to right,['color pencils'],1,Moving [something] from left to right,pencil,1,33
12274,40561,pushing color pencils from left to right,Pushing [something] from left to right,['color pencils'],1,Moving [something] from left to right,pencil,1,26
3561,107162,pushing color pencils from left to right,Pushing [something] from left to right,['color pencils'],1,Moving [something] from left to right,pencil,1,30
12760,151603,pushing color pencils from left to right,Pushing [something] from left to right,['color pencils'],1,Moving [something] from left to right,pencil,1,32
2435,100015,pushing pencil from left to right,Pushing [something] from left to right,['pencil'],1,Moving [something] from left to right,pencil,1,59
9787,163819,pushing color pencils from left to right,Pushing [something] from left to right,['color pencils'],1,Moving [something] from left to right,pencil,1,27
12875,210204,pushing color pencils from left to right,Pushing [something] from left to right,['color pencils'],1,Moving [something] from left to right,pencil,1,45
2654,171243,pushing color pencils from left to right,Pushing [something] from left to right,['color pencils'],1,Moving [something] from left to right,pencil,1,26
10023,202954,pulling color pencils from left to right,Pulling [something] from left to right,['color pencils'],1,Moving [something] from left to right,pencil,1,41
178,121845,pushing color pencils from left to right,Pushing [something] from left to right,['color pencils'],1,Moving [something] from left to right,pencil,1,28
966,54689,pushing color pencil from left to right,Pushing [something] from left to right,['color pencil'],1,Moving [something] from left to right,pencil,1,38
9734,131311,pushing color pencils from left to right,Pushing [something] from left to right,['color pencils'],1,Moving [something] from left to right,pencil,1,31
12064,6866,pushing color pencils from left to right,Pushing [something] from left to right,['color pencils'],1,Moving [something] from left to right,pencil,1,24
11007,70791,pushing color pencils from left to right,Pushing [something] from left to right,['color pencils'],1,Moving [something] from left to right,pencil,1,27
1159,21532,pushing color pencils from left to right,Pushing [something] from left to right,['color pencils'],1,Moving [something] from left to right,pencil,1,28
2280,172609,pushing color pencils from left to right,Pushing [something] from left to right,['color pencils'],1,Moving [something] from left to right,pencil,1,39
6179,172275,pushing color pencils from left to right,Pushing [something] from left to right,['color pencils'],1,Moving [something] from left to right,pencil,1,30
5538,28012,pushing color pencils from left to right,Pushing [something] from left to right,['color pencils'],1,Moving [something] from left to right,pencil,1,28
12867,22989,pushing color pencils from left to right,Pushing [something] from left to right,['color pencils'],1,Moving [something] from left to right,pencil,1,29
4633,13546,pushing color pencils from left to right,Pushing [something] from left to right,['color pencils'],1,Moving [something] from left to right,pencil,1,29
9246,48377,pushing color pencils from left to right,Pushing [something] from left to right,['color pencils'],1,Moving [something] from left to right,pencil,1,39
5855,97937,pushing color pencils from left to right,Pushing [something] from left to right,['color pencils'],1,Moving [something] from left to right,pencil,1,32
12314,216046,pushing color pencils from left to right,Pushing [something] from left to right,['color pencils'],1,Moving [something] from left to right,pencil,1,28
10433,168859,pushing pencil from left to right,Pushing [something] from left to right,['pencil'],1,Moving [something] from left to right,pencil,1,36
5339,124585,pulling color pencils from left to right,Pulling [something] from left to right,['color pencils'],1,Moving [something] from left to right,pencil,1,43
8777,51348,pushing color pencils from left to right,Pushing [something] from left to right,['color pencils'],1,Moving [something] from left to right,pencil,1,45
12005,206651,pulling a pencil from left to right,Pulling [something] from left to right,['a pencil'],1,Moving [something] from left to right,pencil,1,48
12519,193485,pushing a bottle from left to right,Pushing [something] from left to right,['a bottle'],1,Moving [something] from left to right,bottle,1,60
244,78908,pushing plastic bottle from left to right,Pushing [something] from left to right,['plastic bottle'],1,Moving [something] from left to right,bottle,1,51
5752,27877,pushing plastic bottle from left to right,Pushing [something] from left to right,['plastic bottle'],1,Moving [something] from left to right,bottle,1,45
3427,156864,pushing water bottle from left to right,Pushing [something] from left to right,['water bottle'],1,Moving [something] from left to right,bottle,1,36
3713,169099,pushing bottle from left to right,Pushing [something] from left to right,['bottle'],1,Moving [something] from left to right,bottle,1,47
1127,90911,pushing bottle from left to right,Pushing [something] from left to right,['bottle'],1,Moving [something] from left to right,bottle,1,38
9702,178910,pushing a water bottle from left to right,Pushing [something] from left to right,['a water bottle'],1,Moving [something] from left to right,bottle,1,52
6096,253,pushing bottle from left to right,Pushing [something] from left to right,['bottle'],1,Moving [something] from left to right,bottle,1,36
7297,136433,pushing water bottle from left to right,Pushing [something] from left to right,['water bottle'],1,Moving [something] from left to right,bottle,1,45
3139,105034,pushing bottle from left to right,Pushing [something] from left to right,['bottle'],1,Moving [something] from left to right,bottle,1,35
1135,122430,pushing bottle from left to right,Pushing [something] from left to right,['bottle'],1,Moving [something] from left to right,bottle,1,59
7500,186765,pushing bottle from left to right,Pushing [something] from left to right,['bottle'],1,Moving [something] from left to right,bottle,1,53
12090,33836,pushing bottle from left to right,Pushing [something] from left to right,['bottle'],1,Moving [something] from left to right,bottle,1,49
135,149097,pushing bottle from left to right,Pushing [something] from left to right,['bottle'],1,Moving [something] from left to right,bottle,1,63
2826,158748,pushing bottle from left to right,Pushing [something] from left to right,['bottle'],1,Moving [something] from left to right,bottle,1,25
7332,80328,pulling plastic bottle from left to right,Pulling [something] from left to right,['plastic bottle'],1,Moving [something] from left to right,bottle,1,69
1618,12961,pushing a water bottle from left to right,Pushing [something] from left to right,['a water bottle'],1,Moving [something] from left to right,bottle,1,43
8032,172614,pushing bottle from left to right,Pushing [something] from left to right,['bottle'],1,Moving [something] from left to right,bottle,1,37
5672,129540,pushing bottle from left to right,Pushing [something] from left to right,['bottle'],1,Moving [something] from left to right,bottle,1,35
4435,35678,pushing bottle from left to right,Pushing [something] from left to right,['bottle'],1,Moving [something] from left to right,bottle,1,25
2926,35996,pushing plastic bottle from left to right,Pushing [something] from left to right,['plastic bottle'],1,Moving [something] from left to right,bottle,1,49
1674,9358,pushing bottle from left to right,Pushing [something] from left to right,['bottle'],1,Moving [something] from left to right,bottle,1,41
9381,44088,pushing bottle from left to right,Pushing [something] from left to right,['bottle'],1,Moving [something] from left to right,bottle,1,36
1479,55221,pulling bottle from left to right,Pulling [something] from left to right,['bottle'],1,Moving [something] from left to right,bottle,1,46
1691,32735,pushing bottle from left to right,Pushing [something] from left to right,['bottle'],1,Moving [something] from left to right,bottle,1,40
11835,215263,pushing bottle from left to right,Pushing [something] from left to right,['bottle'],1,Moving [something] from left to right,bottle,1,36
3689,212362,pushing plastic bottle from left to right,Pushing [something] from left to right,['plastic bottle'],1,Moving [something] from left to right,bottle,1,56
10856,43982,pushing bottle from left to right,Pushing [something] from left to right,['bottle'],1,Moving [something] from left to right,bottle,1,37
6613,12375,pulling bottle from left to right,Pulling [something] from left to right,['bottle'],1,Moving [something] from left to right,bottle,1,40
34,72329,pushing a bottle from left to right,Pushing [something] from left to right,['a bottle'],1,Moving [something] from left to right,bottle,1,53
8996,210346,pushing bottle from left to right,Pushing [something] from left to right,['bottle'],1,Moving [something] from left to right,bottle,1,55
11778,213035,pulling water bottle from left to right,Pulling [something] from left to right,['water bottle'],1,Moving [something] from left to right,bottle,1,72
5895,30720,pushing bottle from left to right,Pushing [something] from left to right,['bottle'],1,Moving [something] from left to right,bottle,1,43
10552,138385,pulling plastic bottle from left to right,Pulling [something] from left to right,['plastic bottle'],1,Moving [something] from left to right,bottle,1,53
7931,97795,pulling bottle from left to right,Pulling [something] from left to right,['bottle'],1,Moving [something] from left to right,bottle,1,37
10501,118553,pushing bottle from left to right,Pushing [something] from left to right,['bottle'],1,Moving [something] from left to right,bottle,1,40
4042,119945,pushing bottle from left to right,Pushing [something] from left to right,['bottle'],1,Moving [something] from left to right,bottle,1,36
430,94803,pushing bottle from left to right,Pushing [something] from left to right,['bottle'],1,Moving [something] from left to right,bottle,1,40
896,203508,pushing bottle from left to right,Pushing [something] from left to right,['bottle'],1,Moving [something] from left to right,bottle,1,36
12294,3414,pulling water bottle from left to right,Pulling [something] from left to right,['water bottle'],1,Moving [something] from left to right,bottle,1,47
1235,45886,pushing bottle from left to right,Pushing [something] from left to right,['bottle'],1,Moving [something] from left to right,bottle,1,39
1267,57805,pushing bottle from left to right,Pushing [something] from left to right,['bottle'],1,Moving [something] from left to right,bottle,1,31
8536,59915,pushing bottle from left to right,Pushing [something] from left to right,['bottle'],1,Moving [something] from left to right,bottle,1,64
13098,180341,pushing bottle from left to right,Pushing [something] from left to right,['bottle'],1,Moving [something] from left to right,bottle,1,35
3256,188716,pushing bottle from left to right,Pushing [something] from left to right,['bottle'],1,Moving [something] from left to right,bottle,1,46
8037,183657,pushing bottle from left to right,Pushing [something] from left to right,['bottle'],1,Moving [something] from left to right,bottle,1,25
12475,102042,pushing bottle from left to right,Pushing [something] from left to right,['bottle'],1,Moving [something] from left to right,bottle,1,28
12927,36004,pushing bottle from left to right,Pushing [something] from left to right,['bottle'],1,Moving [something] from left to right,bottle,1,28
13816,213845,pushing bottle from left to right,Pushing [something] from left to right,['bottle'],1,Moving [something] from left to right,bottle,1,37
4113,100707,pushing bottle from left to right,Pushing [something] from left to right,['bottle'],1,Moving [something] from left to right,bottle,1,43
13423,215234,pulling a bottle from left to right,Pulling [something] from left to right,['a bottle'],1,Moving [something] from left to right,bottle,1,51
13847,37272,pushing a bottle from left to right,Pushing [something] from left to right,['a bottle'],1,Moving [something] from left to right,bottle,1,16
5857,12580,pushing a water bottle from left to right,Pushing [something] from left to right,['a water bottle'],1,Moving [something] from left to right,bottle,1,50
401,50129,pushing bottle from left to right,Pushing [something] from left to right,['bottle'],1,Moving [something] from left to right,bottle,1,36
3765,86997,pushing plastic bottle from left to right,Pushing [something] from left to right,['plastic bottle'],1,Moving [something] from left to right,bottle,1,55
10266,82244,pushing bottle from left to right,Pushing [something] from left to right,['bottle'],1,Moving [something] from left to right,bottle,1,40
9571,217105,pushing water bottle from left to right,Pushing [something] from left to right,['water bottle'],1,Moving [something] from left to right,bottle,1,49
8932,80080,pushing a bottle from left to right,Pushing [something] from left to right,['a bottle'],1,Moving [something] from left to right,bottle,1,41
8201,15120,pushing bottle from left to right,Pushing [something] from left to right,['bottle'],1,Moving [something] from left to right,bottle,1,46
8779,135686,pushing bottle from left to right,Pushing [something] from left to right,['bottle'],1,Moving [something] from left to right,bottle,1,56
746,106254,pushing bottle from left to right,Pushing [something] from left to right,['bottle'],1,Moving [something] from left to right,bottle,1,28
1237,195565,pulling a bottle from left to right,Pulling [something] from left to right,['a bottle'],1,Moving [something] from left to right,bottle,1,61
9372,140271,pulling bottle from left to right,Pulling [something] from left to right,['bottle'],1,Moving [something] from left to right,bottle,1,36
10074,125204,pushing bottle from left to right,Pushing [something] from left to right,['bottle'],1,Moving [something] from left to right,bottle,1,47
3519,197513,pushing water bottle from left to right,Pushing [something] from left to right,['water bottle'],1,Moving [something] from left to right,bottle,1,35
6927,44746,pushing a bottle from left to right,Pushing [something] from left to right,['a bottle'],1,Moving [something] from left to right,bottle,1,42
6675,12465,pulling bottle from left to right,Pulling [something] from left to right,['bottle'],1,Moving [something] from left to right,bottle,1,34
232,27088,pushing water bottle from left to right,Pushing [something] from left to right,['water bottle'],1,Moving [something] from left to right,bottle,1,51
10846,157183,pushing bottle from left to right,Pushing [something] from left to right,['bottle'],1,Moving [something] from left to right,bottle,1,47
5058,59895,pushing bottle from left to right,Pushing [something] from left to right,['bottle'],1,Moving [something] from left to right,bottle,1,32
7048,88547,pushing bottle from left to right,Pushing [something] from left to right,['bottle'],1,Moving [something] from left to right,bottle,1,45
3733,103287,pushing bottle from left to right,Pushing [something] from left to right,['bottle'],1,Moving [something] from left to right,bottle,1,25
10619,5715,pushing bottle from left to right,Pushing [something] from left to right,['bottle'],1,Moving [something] from left to right,bottle,1,25
4740,175790,pushing bottle from left to right,Pushing [something] from left to right,['bottle'],1,Moving [something] from left to right,bottle,1,25
8605,4543,pulling bottle from left to right,Pulling [something] from left to right,['bottle'],1,Moving [something] from left to right,bottle,1,27
1594,103679,pushing color pencils from right to left,Pushing [something] from right to left,['color pencils'],1,Moving [something] from right to left,pencil,1,22
4169,207179,pushing pencil from right to left,Pushing [something] from right to left,['pencil'],1,Moving [something] from right to left,pencil,1,65
1883,74875,pushing pencil from right to left,Pushing [something] from right to left,['pencil'],1,Moving [something] from right to left,pencil,1,58
285,154170,pulling a pencil from right to left,Pulling [something] from right to left,['a pencil'],1,Moving [something] from right to left,pencil,1,46
6434,206821,pushing color pencils from right to left,Pushing [something] from right to left,['color pencils'],1,Moving [something] from right to left,pencil,1,27
5700,167362,pushing color pencils from right to left,Pushing [something] from right to left,['color pencils'],1,Moving [something] from right to left,pencil,1,36
11808,83836,pushing color pencils from right to left,Pushing [something] from right to left,['color pencils'],1,Moving [something] from right to left,pencil,1,27
8967,148297,pulling color pencils from right to left,Pulling [something] from right to left,['color pencils'],1,Moving [something] from right to left,pencil,1,53
12708,175365,pushing color pencils from right to left,Pushing [something] from right to left,['color pencils'],1,Moving [something] from right to left,pencil,1,28
611,85603,pushing color pencils from right to left,Pushing [something] from right to left,['color pencils'],1,Moving [something] from right to left,pencil,1,26
11060,99002,pushing color pencils from right to left,Pushing [something] from right to left,['color pencils'],1,Moving [something] from right to left,pencil,1,28
14449,71054,pushing pencil from right to left,Pushing [something] from right to left,['pencil'],1,Moving [something] from right to left,pencil,1,45
6845,57724,pushing color pencils from right to left,Pushing [something] from right to left,['color pencils'],1,Moving [something] from right to left,pencil,1,64
4254,118418,pushing pencil from right to left,Pushing [something] from right to left,['pencil'],1,Moving [something] from right to left,pencil,1,33
12524,101160,pushing color pencil from right to left,Pushing [something] from right to left,['color pencil'],1,Moving [something] from right to left,pencil,1,28
5826,220567,pushing color pencils from right to left,Pushing [something] from right to left,['color pencils'],1,Moving [something] from right to left,pencil,1,54
7940,120131,pulling color pencils from right to left,Pulling [something] from right to left,['color pencils'],1,Moving [something] from right to left,pencil,1,41
7272,185125,pushing color pencils from right to left,Pushing [something] from right to left,['color pencils'],1,Moving [something] from right to left,pencil,1,27
10130,41697,pushing color pencils from right to left,Pushing [something] from right to left,['color pencils'],1,Moving [something] from right to left,pencil,1,33
6706,95323,pushing color pencils from right to left,Pushing [something] from right to left,['color pencils'],1,Moving [something] from right to left,pencil,1,33
6635,47883,pushing color pencils from right to left,Pushing [something] from right to left,['color pencils'],1,Moving [something] from right to left,pencil,1,29
2297,174506,pushing color pencils from right to left,Pushing [something] from right to left,['color pencils'],1,Moving [something] from right to left,pencil,1,45
4686,134983,pushing color pencils from right to left,Pushing [something] from right to left,['color pencils'],1,Moving [something] from right to left,pencil,1,29
8463,203667,pushing color pencils from right to left,Pushing [something] from right to left,['color pencils'],1,Moving [something] from right to left,pencil,1,22
12512,215326,pulling color pencils from right to left,Pulling [something] from right to left,['color pencils'],1,Moving [something] from right to left,pencil,1,35
2417,123921,pushing color pencils from right to left,Pushing [something] from right to left,['color pencils'],1,Moving [something] from right to left,pencil,1,22
12659,139704,pushing color pencils from right to left,Pushing [something] from right to left,['color pencils'],1,Moving [something] from right to left,pencil,1,29
5385,97239,pushing color pencils from right to left,Pushing [something] from right to left,['color pencils'],1,Moving [something] from right to left,pencil,1,27
5425,128744,pushing color pencils from right to left,Pushing [something] from right to left,['color pencils'],1,Moving [something] from right to left,pencil,1,37
7788,49313,pushing color pencils from right to left,Pushing [something] from right to left,['color pencils'],1,Moving [something] from right to left,pencil,1,22
5975,16235,pushing color pencils from right to left,Pushing [something] from right to left,['color pencils'],1,Moving [something] from right to left,pencil,1,54
3892,124170,pushing color pencils from right to left,Pushing [something] from right to left,['color pencils'],1,Moving [something] from right to left,pencil,1,54
627,16528,pushing color pencils from right to left,Pushing [something] from right to left,['color pencils'],1,Moving [something] from right to left,pencil,1,54
648,170103,pulling pencil from right to left,Pulling [something] from right to left,['pencil'],1,Moving [something] from right to left,pencil,1,54
4719,161641,pushing color pencils from right to left,Pushing [something] from right to left,['color pencils'],1,Moving [something] from right to left,pencil,1,52
9786,178379,pushing color pencils from right to left,Pushing [something] from right to left,['color pencils'],1,Moving [something] from right to left,pencil,1,27
1987,17307,pushing color pencils from right to left,Pushing [something] from right to left,['color pencils'],1,Moving [something] from right to left,pencil,1,34
11589,18032,pushing color pencils from right to left,Pushing [something] from right to left,['color pencils'],1,Moving [something] from right to left,pencil,1,45
4823,138656,pushing color pencils from right to left,Pushing [something] from right to left,['color pencils'],1,Moving [something] from right to left,pencil,1,39
91,17742,pulling color pencils from right to left,Pulling [something] from right to left,['color pencils'],1,Moving [something] from right to left,pencil,1,44
823,211974,pushing color pencils from right to left,Pushing [something] from right to left,['color pencils'],1,Moving [something] from right to left,pencil,1,29
3021,24306,pushing color pencils from right to left,Pushing [something] from right to left,['color pencils'],1,Moving [something] from right to left,pencil,1,26
7169,130743,pushing color pencils from right to left,Pushing [something] from right to left,['color pencils'],1,Moving [something] from right to left,pencil,1,26
2068,93590,pushing color pencils from right to left,Pushing [something] from right to left,['color pencils'],1,Moving [something] from right to left,pencil,1,27
8917,129225,pushing color pencils from right to left,Pushing [something] from right to left,['color pencils'],1,Moving [something] from right to left,pencil,1,26
12766,185725,pushing color pencils from right to left,Pushing [something] from right to left,['color pencils'],1,Moving [something] from right to left,pencil,1,29
8653,23397,pushing color pencils from right to left,Pushing [something] from right to left,['color pencils'],1,Moving [something] from right to left,pencil,1,27
5906,8014,pushing color pencils from right to left,Pushing [something] from right to left,['color pencils'],1,Moving [something] from right to left,pencil,1,30
2324,42593,pushing color pencils from right to left,Pushing [something] from right to left,['color pencils'],1,Moving [something] from right to left,pencil,1,45
8385,187280,pushing color pencils from right to left,Pushing [something] from right to left,['color pencils'],1,Moving [something] from right to left,pencil,1,30
12740,34955,pushing color pencils from right to left,Pushing [something] from right to left,['color pencils'],1,Moving [something] from right to left,pencil,1,45
5443,14772,pushing color pencils from right to left,Pushing [something] from right to left,['color pencils'],1,Moving [something] from right to left,pencil,1,29
2307,71227,pushing color pencils from right to left,Pushing [something] from right to left,['color pencils'],1,Moving [something] from right to left,pencil,1,27
11859,49746,pushing color pencils from right to left,Pushing [something] from right to left,['color pencils'],1,Moving [something] from right to left,pencil,1,27
6147,116792,pushing pencil from right to left,Pushing [something] from right to left,['pencil'],1,Moving [something] from right to left,pencil,1,44
10834,122587,pushing color pencils from right to left,Pushing [something] from right to left,['color pencils'],1,Moving [something] from right to left,pencil,1,26
5930,17018,pushing color pencils from right to left,Pushing [something] from right to left,['color pencils'],1,Moving [something] from right to left,pencil,1,34
4885,105873,pushing color pencils from right to left,Pushing [something] from right to left,['color pencils'],1,Moving [something] from right to left,pencil,1,33
10714,18637,pushing color pencils from right to left,Pushing [something] from right to left,['color pencils'],1,Moving [something] from right to left,pencil,1,27
3568,67776,pushing color pencils from right to left,Pushing [something] from right to left,['color pencils'],1,Moving [something] from right to left,pencil,1,22
3633,204158,pushing color pencils from right to left,Pushing [something] from right to left,['color pencils'],1,Moving [something] from right to left,pencil,1,29
12230,148785,pushing color pencil from right to left,Pushing [something] from right to left,['color pencil'],1,Moving [something] from right to left,pencil,1,33
4598,87678,pulling pencil from right to left,Pulling [something] from right to left,['pencil'],1,Moving [something] from right to left,pencil,1,43
3528,34136,pushing color pencils from right to left,Pushing [something] from right to left,['color pencils'],1,Moving [something] from right to left,pencil,1,29
1597,10896,pushing color pencils from right to left,Pushing [something] from right to left,['color pencils'],1,Moving [something] from right to left,pencil,1,34
3484,117317,pulling pencil from right to left,Pulling [something] from right to left,['pencil'],1,Moving [something] from right to left,pencil,1,33
11158,195342,pushing color pencils from right to left,Pushing [something] from right to left,['color pencils'],1,Moving [something] from right to left,pencil,1,26
9854,117128,pushing color pencils from right to left,Pushing [something] from right to left,['color pencils'],1,Moving [something] from right to left,pencil,1,26
8911,33629,pushing pencil from right to left,Pushing [something] from right to left,['pencil'],1,Moving [something] from right to left,pencil,1,33
12433,63011,pushing color pencils from right to left,Pushing [something] from right to left,['color pencils'],1,Moving [something] from right to left,pencil,1,29
1256,178972,pushing color pencils from right to left,Pushing [something] from right to left,['color pencils'],1,Moving [something] from right to left,pencil,1,27
612,5569,pushing color pencils from right to left,Pushing [something] from right to left,['color pencils'],1,Moving [something] from right to left,pencil,1,45
10026,3741,pushing color pencils from right to left,Pushing [something] from right to left,['color pencils'],1,Moving [something] from right to left,pencil,1,22
8168,94746,pulling pencil from right to left,Pulling [something] from right to left,['pencil'],1,Moving [something] from right to left,pencil,1,38
10683,219396,pushing color pencils from right to left,Pushing [something] from right to left,['color pencils'],1,Moving [something] from right to left,pencil,1,27
2507,74615,pushing bottle from right to left,Pushing [something] from right to left,['bottle'],1,Moving [something] from right to left,bottle,1,35
893,116506,pushing bottle from right to left,Pushing [something] from right to left,['bottle'],1,Moving [something] from right to left,bottle,1,32
4594,145721,pushing bottle from right to left,Pushing [something] from right to left,['bottle'],1,Moving [something] from right to left,bottle,1,58
11584,184765,pushing bottle from right to left,Pushing [something] from right to left,['bottle'],1,Moving [something] from right to left,bottle,1,53
949,71010,pulling bottle from right to left,Pulling [something] from right to left,['bottle'],1,Moving [something] from right to left,bottle,1,30
3691,218033,pushing bottle from right to left,Pushing [something] from right to left,['bottle'],1,Moving [something] from right to left,bottle,1,32
7502,207343,pulling bottle from right to left,Pulling [something] from right to left,['bottle'],1,Moving [something] from right to left,bottle,1,27
356,88951,pushing bottle from right to left,Pushing [something] from right to left,['bottle'],1,Moving [something] from right to left,bottle,1,32
9034,160140,pushing a bottle from right to left,Pushing [something] from right to left,['a bottle'],1,Moving [something] from right to left,bottle,1,59
5458,3194,pushing bottle from right to left,Pushing [something] from right to left,['bottle'],1,Moving [something] from right to left,bottle,1,29
12435,130202,pulling plastic bottle from right to left,Pulling [something] from right to left,['plastic bottle'],1,Moving [something] from right to left,bottle,1,54
1392,90085,pushing bottle from right to left,Pushing [something] from right to left,['bottle'],1,Moving [something] from right to left,bottle,1,32
1132,6705,pushing bottle from right to left,Pushing [something] from right to left,['bottle'],1,Moving [something] from right to left,bottle,1,44
9436,145378,pushing bottle from right to left,Pushing [something] from right to left,['bottle'],1,Moving [something] from right to left,bottle,1,43
14482,209716,pushing bottle from right to left,Pushing [something] from right to left,['bottle'],1,Moving [something] from right to left,bottle,1,35
202,151661,pushing bottle from right to left,Pushing [something] from right to left,['bottle'],1,Moving [something] from right to left,bottle,1,29
2727,156206,pushing bottle from right to left,Pushing [something] from right to left,['bottle'],1,Moving [something] from right to left,bottle,1,51
7039,17598,pushing water bottle from right to left,Pushing [something] from right to left,['water bottle'],1,Moving [something] from right to left,bottle,1,54
2519,50198,pushing bottle from right to left,Pushing [something] from right to left,['bottle'],1,Moving [something] from right to left,bottle,1,32
10644,154291,pulling plastic bottle from right to left,Pulling [something] from right to left,['plastic bottle'],1,Moving [something] from right to left,bottle,1,57
7085,76006,pushing bottle from right to left,Pushing [something] from right to left,['bottle'],1,Moving [something] from right to left,bottle,1,32
2409,4759,pushing bottle from right to left,Pushing [something] from right to left,['bottle'],1,Moving [something] from right to left,bottle,1,22
13105,114180,pulling bottle from right to left,Pulling [something] from right to left,['bottle'],1,Moving [something] from right to left,bottle,1,63
1426,105540,pushing bottle from right to left,Pushing [something] from right to left,['bottle'],1,Moving [something] from right to left,bottle,1,32
13195,38226,pushing water bottle from right to left,Pushing [something] from right to left,['water bottle'],1,Moving [something] from right to left,bottle,1,40
1185,57264,pulling bottle from right to left,Pulling [something] from right to left,['bottle'],1,Moving [something] from right to left,bottle,1,44
1797,153305,pulling plastic bottle from right to left,Pulling [something] from right to left,['plastic bottle'],1,Moving [something] from right to left,bottle,1,46
11244,31132,pulling bottle from right to left,Pulling [something] from right to left,['bottle'],1,Moving [something] from right to left,bottle,1,34
3761,50704,pushing water bottle from right to left,Pushing [something] from right to left,['water bottle'],1,Moving [something] from right to left,bottle,1,40
14651,6934,pushing bottle from right to left,Pushing [something] from right to left,['bottle'],1,Moving [something] from right to left,bottle,1,50
13076,36317,pushing bottle from right to left,Pushing [something] from right to left,['bottle'],1,Moving [something] from right to left,bottle,1,38
123,79027,pushing water bottle from right to left,Pushing [something] from right to left,['water bottle'],1,Moving [something] from right to left,bottle,1,45
10237,65396,pushing bottle from right to left,Pushing [something] from right to left,['bottle'],1,Moving [something] from right to left,bottle,1,40
7399,23469,pushing bottle from right to left,Pushing [something] from right to left,['bottle'],1,Moving [something] from right to left,bottle,1,32
11985,96531,pushing bottle from right to left,Pushing [something] from right to left,['bottle'],1,Moving [something] from right to left,bottle,1,32
10883,43266,pulling bottle from right to left,Pulling [something] from right to left,['bottle'],1,Moving [something] from right to left,bottle,1,46
9891,120853,pulling water bottle from right to left,Pulling [something] from right to left,['water bottle'],1,Moving [something] from right to left,bottle,1,39
11410,98347,pushing bottle from right to left,Pushing [something] from right to left,['bottle'],1,Moving [something] from right to left,bottle,1,32
474,46290,pushing plastic bottle from right to left,Pushing [something] from right to left,['plastic bottle'],1,Moving [something] from right to left,bottle,1,45
860,119008,pushing water bottle from right to left,Pushing [something] from right to left,['water bottle'],1,Moving [something] from right to left,bottle,1,55
12996,31962,pushing bottle from right to left,Pushing [something] from right to left,['bottle'],1,Moving [something] from right to left,bottle,1,57
1123,132414,pulling water bottle from right to left,Pulling [something] from right to left,['water bottle'],1,Moving [something] from right to left,bottle,1,50
1163,6876,pushing bottle from right to left,Pushing [something] from right to left,['bottle'],1,Moving [something] from right to left,bottle,1,50
6891,169892,pushing bottle from right to left,Pushing [something] from right to left,['bottle'],1,Moving [something] from right to left,bottle,1,35
8985,60348,pushing bottle from right to left,Pushing [something] from right to left,['bottle'],1,Moving [something] from right to left,bottle,1,40
11953,12666,pulling plastic bottle from right to left,Pulling [something] from right to left,['plastic bottle'],1,Moving [something] from right to left,bottle,1,39
2599,136337,pulling bottle from right to left,Pulling [something] from right to left,['bottle'],1,Moving [something] from right to left,bottle,1,27
12454,73528,pulling a plastic bottle from right to left,Pulling [something] from right to left,['a plastic bottle'],1,Moving [something] from right to left,bottle,1,41
12019,152864,pushing a bottle from right to left,Pushing [something] from right to left,['a bottle'],1,Moving [something] from right to left,bottle,1,52
13207,166237,pushing a bottle from right to left,Pushing [something] from right to left,['a bottle'],1,Moving [something] from right to left,bottle,1,52
11403,13835,pushing bottle from right to left,Pushing [something] from right to left,['bottle'],1,Moving [something] from right to left,bottle,1,32
4751,206444,pulling bottle from right to left,Pulling [something] from right to left,['bottle'],1,Moving [something] from right to left,bottle,1,39
6775,102934,pushing a bottle from right to left,Pushing [something] from right to left,['a bottle'],1,Moving [something] from right to left,bottle,1,48
11822,46945,pulling bottle from right to left,Pulling [something] from right to left,['bottle'],1,Moving [something] from right to left,bottle,1,30
10299,167602,pushing bottle from right to left,Pushing [something] from right to left,['bottle'],1,Moving [something] from right to left,bottle,1,32
434,70359,pushing bottle from right to left,Pushing [something] from right to left,['bottle'],1,Moving [something] from right to left,bottle,1,32
12356,52753,pulling plastic bottle from right to left,Pulling [something] from right to left,['plastic bottle'],1,Moving [something] from right to left,bottle,1,61
4146,219694,pushing water bottles from right to left,Pushing [something] from right to left,['water bottles'],1,Moving [something] from right to left,bottle,1,37
6929,44087,pushing a water bottle from right to left,Pushing [something] from right to left,['a water bottle'],1,Moving [something] from right to left,bottle,1,58
11736,94042,pushing bottle from right to left,Pushing [something] from right to left,['bottle'],1,Moving [something] from right to left,bottle,1,32
8319,22064,pulling a bottle from right to left,Pulling [something] from right to left,['a bottle'],1,Moving [something] from right to left,bottle,1,62
13216,42661,pushing bottle from right to left,Pushing [something] from right to left,['bottle'],1,Moving [something] from right to left,bottle,1,68
10249,13262,pushing bottle from right to left,Pushing [something] from right to left,['bottle'],1,Moving [something] from right to left,bottle,1,67
9612,22239,pushing bottle from right to left,Pushing [something] from right to left,['bottle'],1,Moving [something] from right to left,bottle,1,30
9495,132032,pulling bottle from right to left,Pulling [something] from right to left,['bottle'],1,Moving [something] from right to left,bottle,1,51
759,91457,pulling water bottle from right to left,Pulling [something] from right to left,['water bottle'],1,Moving [something] from right to left,bottle,1,58
14004,163792,pushing plastic bottle from right to left,Pushing [something] from right to left,['plastic bottle'],1,Moving [something] from right to left,bottle,1,63
12844,206330,pushing plastic bottle from right to left,Pushing [something] from right to left,['plastic bottle'],1,Moving [something] from right to left,bottle,1,60
3264,205198,pulling bottle from right to left,Pulling [something] from right to left,['bottle'],1,Moving [something] from right to left,bottle,1,46
8761,73802,pulling bottle from right to left,Pulling [something] from right to left,['bottle'],1,Moving [something] from right to left,bottle,1,23
9588,202239,pushing water bottle from right to left,Pushing [something] from right to left,['water bottle'],1,Moving [something] from right to left,bottle,1,36
299,146210,pushing bottle from right to left,Pushing [something] from right to left,['bottle'],1,Moving [something] from right to left,bottle,1,32
12818,217385,pulling a bottle from right to left,Pulling [something] from right to left,['a bottle'],1,Moving [something] from right to left,bottle,1,38
6188,94979,pulling a bottle from right to left,Pulling [something] from right to left,['a bottle'],1,Moving [something] from right to left,bottle,1,52
10942,104705,pulling plastic bottle from right to left,Pulling [something] from right to left,['plastic bottle'],1,Moving [something] from right to left,bottle,1,44
